#@ prototext: protoc
doubleOp: 2.7182818284590451  #@ double = 21
floatOp: 3.14159  #@ float = 22
int64Op: -123456789  #@ int64 = 23
uint64Op: 18446744073709551615  #@ uint64 = 24
int32Op: 42  #@ int32 = 25
fixed64Op: 987654321  #@ fixed64 = 26
fixed32Op: 123456  #@ fixed32 = 27
boolOp: true  #@ bool = 28
uint32Op: 999  #@ uint32 = 33
sfixed32Op: -999  #@ sfixed32 = 35
sfixed64Op: -123456789  #@ sfixed64 = 36
sint32Op: -42  #@ sint32 = 37
sint64Op: 123456789  #@ sint64 = 38
